n_flows:  97
c_sim:0.000396
estimated_fcts:371383.025871
Simulating one-layer parking lot: length = 7
  bw = [10.000000, 40.000000, 40.000000, 40.000000, 40.000000, 10.000000]
7 PEs, 0 switches, 7 nodes (switch+PE), 6 links
