n_flows:  84
c_sim:0.000312
estimated_fcts:28913.542063
Simulating one-layer parking lot: length = 5
  bw = [10.000000, 40.000000, 40.000000, 10.000000]
5 PEs, 0 switches, 5 nodes (switch+PE), 4 links
