n_flows:  84
c_sim:0.000326
estimated_fcts:1723681.059524
Simulating one-layer parking lot: length = 5
  bw = [10.000000, 40.000000, 40.000000, 10.000000]
5 PEs, 0 switches, 5 nodes (switch+PE), 4 links
