n_flows:  132
c_sim:0.000395
estimated_fcts:560504.432323
Simulating one-layer parking lot: length = 7
  bw = [10.000000, 40.000000, 40.000000, 40.000000, 40.000000, 10.000000]
7 PEs, 0 switches, 7 nodes (switch+PE), 6 links
